ACCELERATION BODY X,ACCELERATION BODY Y,ACCELERATION BODY Z,TOTAL WEIGHT,PLANE ALTITUDE,ATTITUDE INDICATOR PITCH DEGREES,ATTITUDE INDICATOR BANK DEGREES,
 24_1_2023 16:13:23,0.000000, 0.000000, 0.000000, 1784.000000, 602.135864, -20.000000, 29.000000, 
 24_1_2023 16:13:23,0.000000, 0.000000, 0.000000, 1784.000000, 602.135864, 0.000000, 29.000000, 
 24_1_2023 16:13:23,0.000000, 0.000000, 0.000000, 1784.000000, 602.135864, 0.000000, 0.000000, 
 24_1_2023 16:13:26,0.000000, 0.000000, 0.000000, 1784.000000, 602.140015, 0.000000, 0.000000, 
 24_1_2023 16:13:36,-0.247071, 0.000000, 0.000000, 1784.000000, 602.140015, 0.000000, 0.000000, 
 24_1_2023 16:13:36,-0.247071, -2.751248, 0.000000, 1784.000000, 602.140015, 0.000000, 0.000000, 
 24_1_2023 16:13:36,-0.247071, -2.751248, 0.257222, 1784.000000, 602.140015, 0.000000, 0.000000, 
 24_1_2023 16:13:36,-0.247071, -2.751248, 0.257222, 1784.000000, 600.754883, 0.000000, 0.000000, 
 24_1_2023 16:13:36,-0.247071, -2.751248, 0.257222, 1784.000000, 600.754883, -0.497982, 0.000000, 
 24_1_2023 16:13:36,-0.247071, -2.751248, 0.257222, 1784.000000, 600.754883, -0.497982, 0.011193, 
 24_1_2023 16:13:36,0.431622, -2.751248, 0.257222, 1784.000000, 600.754883, -0.497982, 0.011193, 
 24_1_2023 16:13:36,0.431622, 0.043189, 0.257222, 1784.000000, 600.754883, -0.497982, 0.011193, 
 24_1_2023 16:13:36,0.431622, 0.043189, 0.098167, 1784.000000, 600.754883, -0.497982, 0.011193, 
 24_1_2023 16:13:36,0.431622, 0.043189, 0.098167, 1784.000000, 600.730530, -0.497982, 0.011193, 
 24_1_2023 16:13:36,0.431622, 0.043189, 0.098167, 1784.000000, 600.730530, -0.375728, 0.011193, 
 24_1_2023 16:13:36,0.431622, 0.043189, 0.098167, 1784.000000, 600.730530, -0.375728, 0.035733, 
 24_1_2023 16:13:37,0.605404, 0.043189, 0.098167, 1784.000000, 600.730530, -0.375728, 0.035733, 
 24_1_2023 16:13:37,0.605404, 0.067475, 0.098167, 1784.000000, 600.730530, -0.375728, 0.035733, 
 24_1_2023 16:13:37,0.605404, 0.067475, -0.178453, 1784.000000, 600.730530, -0.375728, 0.035733, 
 24_1_2023 16:13:37,0.605404, 0.067475, -0.178453, 1783.999512, 600.730530, -0.375728, 0.035733, 
 24_1_2023 16:13:37,0.605404, 0.067475, -0.178453, 1783.999512, 600.726746, -0.375728, 0.035733, 
 24_1_2023 16:13:37,0.605404, 0.067475, -0.178453, 1783.999512, 600.726746, -0.481339, 0.035733, 
 24_1_2023 16:13:37,0.605404, 0.067475, -0.178453, 1783.999512, 600.726746, -0.481339, 0.039415, 
 24_1_2023 16:13:38,0.000000, 0.067475, -0.178453, 1783.999512, 600.726746, -0.481339, 0.039415, 
 24_1_2023 16:13:38,0.000000, 0.000000, -0.178453, 1783.999512, 600.726746, -0.481339, 0.039415, 
 24_1_2023 16:13:38,0.000000, 0.000000, 0.000000, 1783.999512, 600.726746, -0.481339, 0.039415, 
 24_1_2023 16:13:38,0.000000, 0.000000, 0.000000, 1783.999023, 600.726746, -0.481339, 0.039415, 
 24_1_2023 16:13:38,0.000000, 0.000000, 0.000000, 1783.999023, 600.726746, -0.479928, 0.039415, 
 24_1_2023 16:13:38,0.000000, 0.000000, 0.000000, 1783.999023, 600.726746, -0.479928, 0.069760, 
 24_1_2023 16:13:39,0.000000, 0.000000, 0.000000, 1783.998413, 600.726746, -0.479928, 0.069760, 
 24_1_2023 16:13:40,0.000000, 0.000000, 0.000000, 1783.997803, 600.726746, -0.479928, 0.069760, 
 24_1_2023 16:13:41,0.000000, 0.000000, 0.000000, 1783.997070, 600.726746, -0.479928, 0.069760, 
 24_1_2023 16:13:42,-0.330074, 0.000000, 0.000000, 1783.997070, 600.726746, -0.479928, 0.069760, 
 24_1_2023 16:13:42,-0.330074, -0.020325, 0.000000, 1783.997070, 600.726746, -0.479928, 0.069760, 
 24_1_2023 16:13:42,-0.330074, -0.020325, 0.049989, 1783.997070, 600.726746, -0.479928, 0.069760, 
 24_1_2023 16:13:42,-0.330074, -0.020325, 0.049989, 1859.505737, 600.726746, -0.479928, 0.069760, 
 24_1_2023 16:13:42,-0.330074, -0.020325, 0.049989, 1859.505737, 600.708069, -0.479928, 0.069760, 
 24_1_2023 16:13:42,-0.330074, -0.020325, 0.049989, 1859.505737, 600.708069, -0.872917, 0.069760, 
 24_1_2023 16:13:42,-0.330074, -0.020325, 0.049989, 1859.505737, 600.708069, -0.872917, 0.043915, 
 24_1_2023 16:13:43,1.158228, -0.020325, 0.049989, 1859.505737, 600.708069, -0.872917, 0.043915, 
 24_1_2023 16:13:43,1.158228, -0.016494, 0.049989, 1859.505737, 600.708069, -0.872917, 0.043915, 
 24_1_2023 16:13:43,1.158228, -0.016494, 0.021373, 1859.505737, 600.708069, -0.872917, 0.043915, 
 24_1_2023 16:13:43,1.158228, -0.016494, 0.021373, 1859.505737, 600.706177, -0.872917, 0.043915, 
 24_1_2023 16:13:43,1.158228, -0.016494, 0.021373, 1859.505737, 600.706177, -0.907041, 0.043915, 
 24_1_2023 16:13:43,1.158228, -0.016494, 0.021373, 1859.505737, 600.706177, -0.907041, 0.025999, 
 24_1_2023 16:13:44,2.508616, -0.016494, 0.021373, 1859.505737, 600.706177, -0.907041, 0.025999, 
 24_1_2023 16:13:44,2.508616, -0.013992, 0.021373, 1859.505737, 600.706177, -0.907041, 0.025999, 
 24_1_2023 16:13:44,2.508616, -0.013992, -0.002774, 1859.505737, 600.706177, -0.907041, 0.025999, 
 24_1_2023 16:13:44,2.508616, -0.013992, -0.002774, 1859.505737, 600.705139, -0.907041, 0.025999, 
 24_1_2023 16:13:44,2.508616, -0.013992, -0.002774, 1859.505737, 600.705139, -0.985496, 0.025999, 
 24_1_2023 16:13:44,2.508616, -0.013992, -0.002774, 1859.505737, 600.705139, -0.985496, 0.128174, 
 24_1_2023 16:13:45,0.585073, -0.013992, -0.002774, 1859.505737, 600.705139, -0.985496, 0.128174, 
 24_1_2023 16:13:45,0.585073, -0.006111, -0.002774, 1859.505737, 600.705139, -0.985496, 0.128174, 
 24_1_2023 16:13:45,0.585073, -0.006111, -0.004391, 1859.505737, 600.705139, -0.985496, 0.128174, 
 24_1_2023 16:13:45,0.585073, -0.006111, -0.004391, 1859.505737, 600.704102, -0.985496, 0.128174, 
 24_1_2023 16:13:45,0.585073, -0.006111, -0.004391, 1859.505737, 600.704102, -1.308565, 0.128174, 
 24_1_2023 16:13:45,0.585073, -0.006111, -0.004391, 1859.505737, 600.704102, -1.308565, 0.597821, 
 24_1_2023 16:13:46,-0.007327, -0.006111, -0.004391, 1859.505737, 600.704102, -1.308565, 0.597821, 
 24_1_2023 16:13:46,-0.007327, 0.000429, -0.004391, 1859.505737, 600.704102, -1.308565, 0.597821, 
 24_1_2023 16:13:46,-0.007327, 0.000429, -0.000560, 1859.505737, 600.704102, -1.308565, 0.597821, 
 24_1_2023 16:13:46,-0.007327, 0.000429, -0.000560, 1859.505737, 600.704102, -1.608720, 0.597821, 
 24_1_2023 16:13:46,-0.007327, 0.000429, -0.000560, 1859.505737, 600.704102, -1.608720, 1.107267, 
 24_1_2023 16:13:47,-0.000577, 0.000429, -0.000560, 1859.505737, 600.704102, -1.608720, 1.107267, 
 24_1_2023 16:13:47,-0.000577, 0.000643, -0.000560, 1859.505737, 600.704102, -1.608720, 1.107267, 
 24_1_2023 16:13:47,-0.000577, 0.000643, -0.000686, 1859.505737, 600.704102, -1.608720, 1.107267, 
 24_1_2023 16:13:47,-0.000577, 0.000643, -0.000686, 1859.505737, 600.703247, -1.608720, 1.107267, 
 24_1_2023 16:13:47,-0.000577, 0.000643, -0.000686, 1859.505737, 600.703247, -1.913849, 1.107267, 
 24_1_2023 16:13:47,-0.000577, 0.000643, -0.000686, 1859.505737, 600.703247, -1.913849, 1.598837, 
 24_1_2023 16:13:48,0.000000, 0.000643, -0.000686, 1859.505737, 600.703247, -1.913849, 1.598837, 
 24_1_2023 16:13:48,0.000000, 0.000000, -0.000686, 1859.505737, 600.703247, -1.913849, 1.598837, 
 24_1_2023 16:13:48,0.000000, 0.000000, 0.000000, 1859.505737, 600.703247, -1.913849, 1.598837, 
 24_1_2023 16:13:48,0.000000, 0.000000, 0.000000, 1859.505737, 600.703247, -2.211401, 1.598837, 
 24_1_2023 16:13:48,0.000000, 0.000000, 0.000000, 1859.505737, 600.703247, -2.211401, 2.098700, 
 